WINDOW_WIDTH:  800
WINDOW_HEIGHT: 450
SCALE: 0.000000005
MAX_ITERATIONS: 150
OFFSET_X:  -0.743643900055
OFFSET_Y:  0.131825890901
MAX_RADIUS^2: 50
